0003 0039 000000dd
0003 0030 0000000e
0003 003a 0000005e
0003 0035 0000016a
0003 0036 00000442
0000 0000 00000000
0003 0039 ffffffff
0000 0000 00000000
0003 0039 000000de
0003 003a 00000083
0003 0035 00000230
0003 0036 00000263
0000 0000 00000000
0003 003a 0000008e
0003 0035 0000022c
0003 0036 00000262
0000 0000 00000000
0003 003a 0000008f
0003 0035 00000228
0000 0000 00000000
0003 003a 00000092
0003 0035 00000222
0000 0000 00000000
0003 003a 00000095
0003 0035 00000219
0000 0000 00000000
0003 0035 0000020f
0003 0036 00000261
0000 0000 00000000
0003 003a 00000096
0003 0035 00000202
0003 0036 00000260
0000 0000 00000000
0003 0035 000001f0
0003 0036 0000025f
0000 0000 00000000
0003 0035 000001df
0003 0036 0000025d
0000 0000 00000000
0003 003a 00000095
0003 0035 000001cb
0000 0000 00000000
0003 0035 000001b5
0003 0036 0000025a
0000 0000 00000000
0003 003a 00000094
0003 0035 0000019f
0003 0036 00000258
0000 0000 00000000
0003 003a 00000093
0003 0035 00000183
0003 0036 00000254
0000 0000 00000000
0003 003a 0000008d
0003 0035 00000167
0003 0036 0000024f
0000 0000 00000000
0003 003a 0000008b
0003 0035 0000014b
0003 0036 0000024b
0000 0000 00000000
0003 003a 00000089
0003 0035 00000129
0003 0036 00000246
0000 0000 00000000
0003 003a 00000085
0003 0035 00000105
0003 0036 00000242
0000 0000 00000000
0003 003a 00000081
0003 0035 000000de
0003 0036 00000240
0000 0000 00000000
0003 003a 0000007b
0003 0035 000000b5
0003 0036 0000023d
0000 0000 00000000
0003 003a 00000077
0003 0035 00000089
0003 0036 0000023a
0000 0000 00000000
0003 0030 0000000c
0003 003a 00000064
0003 0035 0000003b
0003 0036 00000237
0000 0000 00000000
0003 0039 ffffffff
0000 0000 00000000
