0003 0039 00000012
0003 003a 0000009b
0003 0035 0000013e
0003 0036 00000295
0000 0000 00000000
0003 0030 0000000d
0003 003a 00000053
0003 0035 00000141
0000 0000 00000000
0003 0039 ffffffff
0000 0000 00000000
0003 0039 00000013
0003 0030 0000000e
0003 003a 00000085
0003 0035 0000003f
0003 0036 000003a2
0000 0000 00000000
0003 0035 00000040
0000 0000 00000000
0003 0039 ffffffff
0000 0000 00000000
0003 0039 00000014
0003 003a 00000061
0003 0035 00000055
0003 0036 00000474
0000 0000 00000000
0003 0039 ffffffff
0000 0000 00000000
0003 0039 00000015
0003 0030 0000000d
0003 003a 00000076
0003 0035 00000077
0003 0036 00000325
0000 0000 00000000
0003 0039 ffffffff
0000 0000 00000000
0003 0039 00000016
0003 003a 0000006d
0003 0035 0000007a
0003 0036 00000324
0000 0000 00000000
0003 0039 ffffffff
0000 0000 00000000
0003 0039 00000017
0003 0030 0000000e
0003 003a 00000078
0003 0035 0000010c
0003 0036 0000031a
0000 0000 00000000
0003 0039 ffffffff
0000 0000 00000000
0003 0039 00000018
0003 003a 00000084
0003 0035 0000010a
0003 0036 0000032a
0000 0000 00000000
0003 0039 ffffffff
0000 0000 00000000
0003 0039 00000019
0003 0030 0000000b
0003 003a 00000066
0003 0035 000002ad
0003 0036 00000467
0000 0000 00000000
0003 003a 0000005c
0003 0035 000002ae
0003 0036 00000469
0000 0000 00000000
0003 003a 00000049
0003 0035 000002b1
0003 0036 0000046e
0000 0000 00000000
0003 0039 ffffffff
0000 0000 00000000
